Id,SalePrice
1,208142.88
2,178057.97
3,211111.56
4,142246.31
5,257366.23
6,146518.86
7,315159.94
8,203443.9
9,129877.96
10,116276.52
11,133971.05
12,348512.97
13,143242.81
14,266304.94
15,153191.89
16,133295.12
17,148327.06
18,98746.555
19,157919.92
20,136812.02
21,325196.0
22,139373.81
23,233081.39
24,132815.77
25,151656.08
26,254434.03
27,132744.53
28,284111.25
29,208934.53
30,70031.09
31,87132.086
32,144004.84
33,184780.25
34,166356.52
35,279541.72
36,307801.25
37,144463.89
38,152989.42
39,119016.0
40,89414.914
41,155237.3
42,170654.72
43,142188.17
44,132339.55
45,142123.12
46,293207.22
47,242057.9
48,248868.94
49,111851.81
50,127816.125
51,175542.27
52,116173.2
53,110220.07
54,318690.34
55,128673.484
56,162093.05
57,176281.64
58,203728.5
59,437457.47
60,121645.93
61,166291.44
62,95436.77
63,208352.33
64,139054.98
65,244549.58
66,311805.72
67,182684.64
68,215106.06
69,88322.08
70,224205.9
71,244280.95
72,127494.46
73,189473.05
74,145336.16
75,112968.13
76,89340.95
77,126606.68
78,121005.664
79,132691.4
80,112978.87
81,197943.03
82,170085.8
83,243130.42
84,126465.55
85,167405.61
86,261095.28
87,181875.64
88,168873.38
89,98341.5
90,122578.164
91,107451.2
92,126671.2
93,158410.61
94,135250.88
95,204317.7
96,182535.97
97,219674.25
98,124305.67
99,82304.71
100,128229.9
101,214234.83
102,173981.77
103,124561.95
104,195719.06
105,168066.11
106,254049.34
107,100425.94
108,108173.25
109,121724.82
110,194502.16
111,139098.19
112,172516.39
113,379760.34
114,216988.12
115,203061.7
116,172950.28
117,137348.02
118,130045.484
119,317621.56
120,168030.14
121,155356.6
122,96953.664
123,133538.1
124,158153.66
125,178204.08
126,85368.56
127,130979.47
128,90372.51
129,149816.44
130,150079.52
131,234893.61
132,207817.47
133,145658.89
134,221629.02
135,168901.67
136,167004.42
137,145114.44
138,173639.12
139,230335.31
140,206437.75
141,113509.72
142,240287.2
143,129353.15
144,212734.72
145,126089.23
146,141934.05
147,104320.9
148,221784.52
149,152914.38
150,114076.94
151,134580.19
152,369661.06
153,189309.17
154,233558.2
155,121389.18
156,77630.81
157,106606.93
158,271001.75
159,251730.02
160,293280.0
161,161626.33
162,412039.75
163,221499.36
164,98844.46
165,152733.39
166,127613.555
167,177484.72
168,329117.53
169,192696.88
170,229745.0
171,134700.69
172,214512.0
173,231061.0
174,159091.92
175,185052.08
176,242758.47
177,213608.14
178,173332.52
179,501846.12
180,100760.734
181,178409.64
182,163412.58
183,120272.22
184,203903.2
185,127888.76
186,382305.3
187,183057.39
188,131953.31
189,143643.23
190,285139.78
191,318101.06
192,180822.6
193,194586.42
194,134447.03
195,125419.81
196,150515.23
197,275228.4
198,235001.17
199,105587.555
200,301738.1
201,136502.86
202,164172.81
203,114355.54
204,146531.5
205,114129.36
206,179516.83
207,140778.52
208,141026.9
209,267730.25
210,148467.17
211,95800.47
212,163666.3
213,252317.25
214,150111.38
215,155689.95
216,140431.95
217,208738.36
218,103672.67
219,301351.34
220,177327.64
221,208971.48
222,201971.86
223,173444.9
224,120221.28
225,388034.03
226,104300.734
227,272308.66
228,91535.11
229,118819.85
230,195602.53
231,145324.42
232,264628.53
233,91112.2
234,130626.7
235,210627.02
236,89033.42
237,187459.3
238,199001.05
239,313438.2
240,114755.04
241,266497.56
242,108852.56
243,84164.71
244,126486.664
245,217401.27
246,235232.56
247,143632.22
248,146249.36
249,197575.36
250,276756.3
251,76776.53
252,239041.92
253,177481.83
254,159393.22
255,143936.14
256,222293.3
257,205341.38
258,230391.55
259,207900.47
260,108317.87
261,174725.19
262,278112.06
263,151300.67
264,128055.27
265,75026.336
266,170488.33
267,188853.06
268,165758.11
269,117385.3
270,149743.62
271,265002.2
272,176540.92
273,278593.94
274,144698.9
275,127520.766
276,202806.66
277,201421.3
278,129342.81
279,414622.7
280,213878.31
281,238823.67
282,179133.42
283,207231.02
284,244457.39
285,187405.5
286,162977.16
287,168917.38
288,95060.984
289,120114.875
290,136679.61
291,237921.2
292,134259.81
293,131942.31
294,235771.14
295,164579.4
296,145280.36
297,147509.45
298,237598.89
299,174088.7
300,160043.86
301,157059.62
302,286730.2
303,208742.92
304,132263.03
305,253625.77
306,309150.75
307,227100.81
308,92048.945
309,88564.836
310,367165.53
311,175196.25
312,131418.89
313,120809.29
314,257568.03
315,175020.27
316,185014.22
317,259473.64
318,260092.03
319,262610.97
320,191545.77
321,344019.88
322,353311.0
323,299122.44
324,137377.33
325,262631.2
326,88540.46
327,279870.44
328,145456.9
329,213245.7
330,85931.36
331,122260.375
332,136458.72
333,273363.1
334,196275.94
335,189650.25
336,201343.55
337,377106.06
338,215573.33
339,203256.14
340,155158.06
341,198429.2
342,92737.44
343,88885.734
344,286512.75
345,97653.734
346,142983.67
347,146481.81
348,164224.53
349,166344.14
350,437880.56
351,287514.66
352,214828.42
353,86643.3
354,107870.14
355,143770.84
356,170557.11
357,163794.58
358,135626.4
359,127421.21
360,277877.38
361,149382.05
362,143299.12
363,199964.94
364,112399.48
365,190184.47
366,140761.64
367,161073.61
368,147197.86
369,136964.88
370,163103.28
371,178425.3
372,133557.53
373,122227.69
374,126857.42
375,217138.81
376,60930.402
377,132272.78
378,339271.22
379,393712.97
380,181939.9
381,128422.66
382,192050.06
383,204607.11
384,76162.15
385,242312.8
386,189500.23
387,82308.43
388,126197.62
389,187868.7
390,425848.6
391,121122.72
392,213262.7
393,103081.914
394,95851.02
395,109391.22
396,132232.94
397,124987.68
398,162426.9
399,68210.805
400,234282.81
401,244498.61
402,173873.66
403,109015.3
404,256983.4
405,175406.08
406,149276.25
407,117526.516
408,173525.94
409,280507.1
410,291611.47
411,62205.598
412,143603.19
413,220970.05
414,111299.11
415,229991.52
416,184845.86
417,152408.98
418,237670.39
419,100159.1
420,136923.05
421,206227.27
422,215586.06
423,129022.4
424,317905.84
425,139853.83
426,138429.0
427,238650.52
428,116037.336
429,193905.16
430,173762.44
431,87953.76
432,105147.055
433,122582.336
434,177601.19
435,82959.55
436,210874.92
437,112746.96
438,107623.85
439,88835.3
440,113888.805
441,553727.2
442,117998.23
443,155264.84
444,179579.23
445,217130.73
446,152747.23
447,190854.6
448,206298.48
449,118672.26
450,121775.86
451,105998.164
452,272126.66
453,197984.69
454,219095.12
455,179830.0
456,173959.67
457,93787.66
458,253309.66
459,174216.44
460,109466.51
461,264575.97
462,154743.25
463,78316.2
464,184302.86
465,120832.44
466,176365.45
467,169346.14
468,148043.94
469,249789.62
470,187712.22
471,213702.72
472,201239.88
473,146595.2
474,377139.4
475,251681.03
476,137805.48
477,208766.94
478,428899.5
479,306266.12
480,95514.695
481,357439.03
482,372174.25
483,155248.92
484,162885.23
485,135792.88
486,140573.86
487,141943.64
488,174508.28
489,158137.03
490,94195.91
491,113601.984
492,136672.45
493,169496.33
494,142892.95
495,93566.9
496,80978.31
497,425980.34
498,181073.78
499,128318.7
500,122048.07
501,109866.914
502,223363.8
503,140860.92
504,288774.44
505,134790.31
506,124971.984
507,199517.58
508,175305.66
509,144334.89
510,138216.61
511,153012.62
512,198040.02
513,125352.9
514,138827.62
515,99846.805
516,406243.0
517,187072.06
518,289242.94
519,203198.69
520,236276.3
521,105287.62
522,150395.95
523,158739.38
524,185162.67
525,312279.97
526,180835.1
527,133792.45
528,447062.22
529,87259.164
530,200742.45
531,180226.6
532,136877.16
533,110365.2
534,39328.71
535,180801.92
536,110463.2
537,194220.2
538,117491.23
539,143527.86
540,266294.22
541,365406.1
542,267613.38
543,234082.28
544,139874.44
545,208259.1
546,233220.77
547,205790.77
548,129434.13
549,123769.59
550,252676.52
551,138116.61
552,112886.375
553,258158.11
554,105421.09
555,276429.7
556,113541.94
557,143089.45
558,110545.61
559,176486.38
560,215443.89
561,127765.48
562,166200.47
563,118219.555
564,182534.84
565,261019.7
566,128043.17
567,333896.1
568,208018.58
569,315649.97
570,132013.66
571,131344.31
572,119960.42
573,209091.06
574,168811.9
575,122696.0
576,115738.24
577,142489.55
578,161400.86
579,150648.98
580,130633.195
581,181222.81
582,255695.6
583,125466.27
584,324725.84
585,144209.44
586,370685.38
587,126465.35
588,134600.58
589,147113.75
590,85690.02
591,195062.42
592,451797.97
593,141623.47
594,144420.38
595,115834.484
596,348394.44
597,114435.83
598,190931.38
599,216516.39
600,149981.94
601,266903.22
602,125905.83
603,217098.92
604,152419.7
605,224892.0
606,203193.56
607,150494.27
608,217727.02
609,357930.47
610,121010.94
611,335715.25
612,147712.53
613,258578.17
614,108746.78
615,82193.63
616,137455.38
617,180532.0
618,119119.86
619,315580.4
620,309339.62
621,65692.64
622,243547.39
623,135698.3
624,175814.83
625,164904.23
626,152885.9
627,129236.44
628,153039.88
629,186094.3
630,166727.62
631,123374.83
632,213937.38
633,98173.07
634,140581.61
635,139411.77
636,199905.03
637,54955.285
638,112053.21
639,88294.1
640,292953.97
641,275944.0
642,243845.03
643,345168.38
644,148821.58
645,338145.53
646,139834.44
647,99063.39
648,153285.22
649,157209.31
650,81271.37
651,203194.9
652,111422.016
653,191592.03
654,135047.12
655,351442.56
656,88195.805
657,144278.38
658,151926.05
659,103901.92
660,157814.23
661,201440.34
662,402331.94
663,112059.13
664,135894.88
665,376818.9
666,237928.27
667,221348.45
668,197903.94
669,167529.92
670,113886.55
671,172438.72
672,107682.984
673,164162.8
674,257237.6
675,143844.98
676,145006.19
677,118789.28
678,105163.89
679,372088.75
680,130174.02
681,128025.375
682,145895.52
683,175268.45
684,304885.44
685,217082.81
686,208064.58
687,220407.28
688,162453.66
689,376065.5
690,173078.3
691,145720.38
692,455648.75
693,329589.12
694,110947.94
695,141520.95
696,158820.11
697,93710.6
698,129622.54
699,137333.44
700,194452.39
701,317444.47
702,163723.67
703,334789.28
704,140609.94
705,196967.2
706,56981.895
707,255595.8
708,247021.67
709,174044.23
710,116284.55
711,54874.594
712,102727.2
713,187176.31
714,128041.1
715,142417.12
716,154208.97
717,227686.88
718,157117.89
719,339056.38
720,132554.8
721,273179.06
722,146023.98
723,120277.016
724,125935.484
725,322789.56
726,119437.87
727,222414.98
728,194058.69
729,115614.03
730,102166.91
731,243843.88
732,190691.78
733,242784.5
734,133455.66
735,119895.87
736,162193.69
737,89350.66
738,237430.25
739,172586.06
740,196647.66
741,132813.3
742,135093.83
743,185213.75
744,170899.27
745,186394.05
746,319384.75
747,233637.48
748,243941.36
749,254781.9
750,97761.22
751,95173.64
752,165210.62
753,211811.94
754,281019.66
755,153135.75
756,173945.44
757,216629.53
758,153595.77
759,172039.69
760,325661.25
761,125641.03
762,121620.914
763,213595.3
764,335830.34
765,269142.47
766,263346.78
767,183650.56
768,160865.62
769,219571.73
770,538350.0
771,130966.07
772,112645.25
773,113948.42
774,118852.52
775,384125.53
776,163630.39
777,223531.02
778,141102.14
779,143735.55
780,141833.89
781,172030.11
782,175973.45
783,188064.27
784,150214.52
785,126773.29
786,161146.05
787,136047.39
788,234162.34
789,110940.23
790,194210.55
791,165183.69
792,148912.92
793,237887.0
794,219119.2
795,199290.1
796,168820.86
797,144353.73
798,113594.46
799,488462.44
800,148216.66
801,199960.77
802,114747.48
803,185388.72
804,582436.75
805,117909.52
806,209875.75
807,132115.97
808,222563.36
809,155016.05
810,107601.68
811,174269.22
812,147464.92
813,59095.348
814,151969.77
815,117055.19
816,217428.56
817,136538.06
818,272482.9
819,151648.42
820,221830.95
821,186618.03
822,102596.33
823,213137.08
824,140438.69
825,247476.88
826,385910.84
827,109368.24
828,188959.78
829,173980.44
830,153830.6
831,164514.9
832,150919.42
833,214811.98
834,166304.27
835,139540.42
836,130484.46
837,151447.23
838,88391.81
839,141751.48
840,125115.695
841,137843.58
842,155189.42
843,169833.0
844,139594.92
845,150409.02
846,183480.05
847,191598.23
848,133714.66
849,239772.84
850,187320.1
851,146526.64
852,205829.6
853,153131.47
854,164592.3
855,170197.03
856,139641.23
857,146469.14
858,153682.72
859,149697.77
860,249614.89
861,187680.95
862,129335.11
863,145415.27
864,133804.52
865,238485.08
866,140519.56
867,253101.4
868,129213.93
869,170225.64
870,239126.22
871,106422.87
872,195658.25
873,115662.11
874,132475.56
875,102056.77
876,304101.97
877,135086.78
878,345783.97
879,154767.66
880,134507.11
881,154570.97
882,203526.38
883,176507.12
884,119367.23
885,112046.914
886,326524.56
887,158917.94
888,136968.66
889,271437.9
890,150444.55
891,108875.164
892,161151.56
893,148595.33
894,159256.44
895,123928.13
896,150784.75
897,99455.67
898,138233.55
899,603611.06
900,132936.02
901,118092.26
902,148822.4
903,177035.06
904,238185.16
905,121728.86
906,129153.75
907,253347.78
908,249776.33
909,131134.83
910,172534.9
911,149627.3
912,145374.48
913,92273.805
914,142301.12
915,172426.05
916,78245.44
917,71860.34
918,137954.44
919,239384.78
920,177902.86
921,191090.4
922,147860.98
923,169849.81
924,192504.97
925,195455.11
926,155562.88
927,288248.03
928,182813.81
929,236838.69
930,225863.11
931,213833.61
932,124358.984
933,319098.28
934,198758.92
935,222384.6
936,85310.86
937,191860.92
938,239004.58
939,240132.9
940,244181.22
941,187307.48
942,215523.19
943,149014.55
944,148087.1
945,139559.83
946,126947.32
947,144045.39
948,276425.8
949,195673.36
950,186009.55
951,132726.8
952,120940.06
953,134462.28
954,159648.72
955,125820.97
956,182520.84
957,125892.22
958,127535.39
959,196896.81
960,159383.58
961,118184.195
962,270065.84
963,155973.33
964,237583.89
965,216754.22
966,169384.17
967,159287.78
968,136390.94
969,79342.266
970,134625.77
971,118230.79
972,167631.8
973,113157.54
974,186920.69
975,229417.1
976,163898.73
977,84091.164
978,199583.3
979,111545.71
980,138581.67
981,180506.78
982,323424.9
983,165430.78
984,262892.44
985,143840.77
986,126897.34
987,120055.28
988,397019.75
989,193851.39
990,194927.52
991,312534.34
992,168752.39
993,188390.64
994,177020.0
995,345994.25
996,119923.195
997,135352.78
998,158919.95
999,88721.53
1000,197414.8
1001,80944.27
1002,94116.875
1003,235896.64
1004,139539.45
1005,190390.84
1006,145512.33
1007,176252.84
1008,86827.375
1009,236868.98
1010,107443.66
1011,115407.22
1012,105535.414
1013,165202.58
1014,86690.805
1015,114566.9
1016,202560.73
1017,210879.94
1018,188753.3
1019,164184.52
1020,209711.7
1021,146416.25
1022,196910.84
1023,97053.586
1024,192002.19
1025,347810.56
1026,118553.48
1027,162119.34
1028,316250.22
1029,109653.45
1030,117592.89
1031,137947.6
1032,197446.58
1033,310898.12
1034,231038.86
1035,115526.164
1036,83373.97
1037,315336.16
1038,272650.66
1039,100649.01
1040,79557.52
1041,145497.88
1042,175042.6
1043,176651.19
1044,261476.4
1045,278166.97
1046,137580.77
1047,551149.56
1048,143374.39
1049,118152.15
1050,88498.09
1051,184101.44
1052,195064.58
1053,168505.89
1054,144134.98
1055,265254.47
1056,175454.98
1057,197238.1
1058,226281.12
1059,336584.72
1060,187215.02
1061,215478.56
1062,96055.18
1063,93561.28
1064,113229.06
1065,151190.67
1066,258209.77
1067,173601.05
1068,168372.83
1069,181650.03
1070,122518.555
1071,135332.27
1072,157873.28
1073,92696.78
1074,154652.5
1075,187217.03
1076,178473.58
1077,166557.86
1078,140914.36
1079,150426.08
1080,134666.39
1081,163585.31
1082,113875.93
1083,190241.08
1084,157460.69
1085,186736.44
1086,149977.38
1087,85874.14
1088,262865.7
1089,133789.67
1090,218390.25
1091,92040.27
1092,159495.45
1093,142448.38
1094,151684.16
1095,129430.766
1096,170758.5
1097,121714.82
1098,169740.38
1099,124096.734
1100,163175.67
1101,60891.58
1102,122118.836
1103,133625.97
1104,156532.12
1105,110862.41
1106,324353.4
1107,196527.17
1108,235727.88
1109,172416.38
1110,281469.2
1111,183130.05
1112,202621.36
1113,126634.61
1114,135440.7
1115,128008.64
1116,315010.53
1117,185760.31
1118,134664.1
1119,138556.48
1120,130987.45
1121,117665.12
1122,211875.97
1123,110645.47
1124,116161.67
1125,163830.23
1126,115408.81
1127,184400.17
1128,224497.9
1129,221565.31
1130,129584.73
1131,140262.62
1132,119267.25
1133,116385.72
1134,233226.53
1135,175902.8
1136,99985.766
1137,121801.96
1138,92980.24
1139,200109.17
1140,137088.67
1141,135766.72
1142,194755.27
1143,424333.7
1144,87901.51
1145,80743.57
1146,141809.61
1147,174428.02
1148,178843.64
1149,118930.69
1150,142305.02
1151,121398.45
1152,150561.72
1153,203606.14
1154,123825.914
1155,203097.36
1156,177717.28
1157,177750.86
1158,207318.75
1159,241340.33
1160,183676.44
1161,146230.58
1162,224086.42
1163,123951.04
1164,110668.34
1165,199970.67
1166,213068.44
1167,245680.78
1168,189898.36
1169,234280.17
1170,396404.44
1171,164474.97
1172,162916.6
1173,168336.75
1174,200478.62
1175,229072.52
1176,336376.8
1177,128414.44
1178,114972.45
1179,146023.25
1180,91281.29
1181,251089.06
1182,390274.25
1183,283620.3
1184,125965.69
1185,187294.61
1186,110117.836
1187,97751.055
1188,263052.53
1189,190432.44
1190,191830.22
1191,169083.8
1192,172296.84
1193,127429.17
1194,165350.97
1195,137436.97
1196,165179.7
1197,212708.28
1198,143471.97
1199,181046.12
1200,144980.45
1201,109465.29
1202,201551.34
1203,119220.13
1204,210435.25
1205,143775.12
1206,268239.34
1207,112080.336
1208,197220.38
1209,138610.28
1210,290423.28
1211,208224.0
1212,171238.84
1213,103787.04
1214,140104.61
1215,133516.45
1216,113934.02
1217,148330.06
1218,232307.33
1219,79696.484
1220,96797.07
1221,111816.94
1222,122853.56
1223,145520.22
1224,138293.84
1225,199076.75
1226,143199.31
1227,214954.83
1228,147015.19
1229,367480.16
1230,129739.15
1231,189591.58
1232,140366.89
1233,99818.05
1234,142332.83
1235,130514.91
1236,140230.98
1237,169799.89
1238,221987.14
1239,138748.06
1240,223141.42
1241,212147.48
1242,244053.81
1243,172505.14
1244,462371.4
1245,193044.33
1246,192942.47
1247,192036.64
1248,163134.4
1249,131641.11
1250,124423.36
1251,243982.45
1252,186331.58
1253,127125.67
1254,259773.78
1255,179403.9
1256,129077.88
1257,305192.72
1258,97339.22
1259,187467.17
1260,148673.69
1261,182289.92
1262,131994.27
1263,154868.19
1264,178745.58
1265,173364.56
1266,174891.61
1267,122643.695
1268,390745.78
1269,381181.25
1270,141213.33
1271,258634.69
1272,183113.47
1273,136077.34
1274,176507.22
1275,137839.3
1276,140442.75
1277,166176.34
1278,198496.2
1279,264775.1
1280,74551.26
1281,221259.27
1282,193566.1
1283,148153.61
1284,140852.3
1285,173979.78
1286,123698.95
1287,158377.02
1288,189588.05
1289,254997.34
1290,280870.66
1291,173744.44
1292,114609.93
1293,122565.95
1294,167952.28
1295,119987.72
1296,131294.86
1297,146303.72
1298,142681.45
1299,160219.98
1300,153416.25
1301,226550.02
1302,175900.78
1303,300307.3
1304,224252.77
1305,133517.31
1306,331372.75
1307,197603.39
1308,143257.19
1309,127591.125
1310,168797.42
1311,334140.72
1312,194499.62
1313,303422.72
1314,331563.06
1315,119176.42
1316,189964.95
1317,292940.2
1318,212409.02
1319,256155.75
1320,113665.83
1321,157341.16
1322,73921.6
1323,232306.56
1324,82172.07
1325,154442.89
1326,57261.156
1327,71206.914
1328,132690.3
1329,255255.62
1330,181191.52
1331,231588.14
1332,134016.86
1333,102310.44
1334,122749.32
1335,126092.48
1336,163419.05
1337,133688.25
1338,52812.918
1339,212089.06
1340,123141.97
1341,114682.56
1342,158551.2
1343,263563.1
1344,176126.02
1345,167736.2
1346,100643.7
1347,262119.83
1348,262835.25
1349,246244.67
1350,122063.79
1351,171901.11
1352,172203.02
1353,129678.39
1354,410984.0
1355,232309.36
1356,214185.7
1357,112866.97
1358,148244.08
1359,176433.44
1360,317821.25
1361,186561.05
1362,258516.8
1363,108191.875
1364,161060.6
1365,145894.94
1366,213493.92
1367,201999.31
1368,138218.55
1369,145461.34
1370,236917.95
1371,116272.36
1372,167682.72
1373,252852.78
1374,465853.6
1375,251389.7
1376,240275.31
1377,91189.45
1378,122995.5
1379,88956.93
1380,161092.33
1381,61222.95
1382,236153.12
1383,151618.55
1384,119170.46
1385,104607.02
1386,115723.35
1387,250692.86
1388,151152.95
1389,356927.4
1390,126784.87
1391,228163.1
1392,126178.92
1393,113467.27
1394,161998.34
1395,243752.6
1396,280315.16
1397,158448.88
1398,137955.42
1399,137378.47
1400,154108.1
1401,116571.39
1402,182074.4
1403,190019.9
1404,279674.38
1405,104990.9
1406,274332.6
1407,134456.77
1408,117774.95
1409,122764.65
1410,217838.4
1411,220354.22
1412,146440.22
1413,90393.29
1414,258059.86
1415,208794.1
1416,178631.17
1417,124088.22
1418,323816.12
1419,127245.71
1420,223341.58
1421,173697.52
1422,130962.68
1423,146367.69
1424,273270.38
1425,145508.16
1426,146522.47
1427,264372.44
1428,139459.19
1429,117679.78
1430,179887.05
1431,187095.73
1432,135499.47
1433,76747.44
1434,184346.19
1435,160000.4
1436,180228.98
1437,121672.54
1438,393855.06
1439,150337.5
1440,179822.78
1441,191530.22
1442,146632.19
1443,328073.16
1444,99517.914
1445,191107.31
1446,123569.02
1447,155469.08
1448,248535.5
1449,111058.82
1450,91634.016
1451,130054.52
1452,242920.17
1453,138849.89
1454,94255.24
1455,184189.83
1456,169403.75
1457,188630.95
1458,267623.88
1459,137055.73
1460,150493.45
